image_width: 346
image_height: 260
camera_name: hkust_DAVIS346_right
camera_matrix:
  rows: 3
  cols: 3
  data: [263.485, 0, 162.942, 0, 263.276, 118.029, -0.0151344, 0.00133093, 0.999885]
distortion_model: plumb_bob
distortion_coefficients:
  rows: 1
  cols: 4
  data: [-0.383425, 0.152823, -0.000257745, 0.000268432]
rectification_matrix:
  rows: 3
  cols: 3
  data: [0.9993960957463914, 0.0034732142808621717, -0.03457427641222047,
         -0.0035085878889783376, 0.9999933816804096, -0.0009625000798637905,
         0.03457070461958685, 0.0010832257094615543, 0.9994016675011942]
projection_matrix:
  rows: 3
  cols: 4
  data: [189.705, 0, 165.382, -13.8634, 0, 189.705, 121.295, 0, 0, 0, 1, 0]
T_right_left:
  rows: 3
  cols: 4
  data: [9.99990798e-01, -6.32492385e-04, -4.24307214e-03, -7.30597639e-02,
         6.44736387e-04,  9.99995631e-01,  2.88489843e-03, -1.23275257e-03,
         4.24122892e-03, -2.88760755e-03,  9.99986837e-01, -1.10420407e-03]